6
50
408 659 134 206 16 131 309 473 499 890 447 678 70 293 164 298 304 441 89 495 387 613 212 256 357 632 132 474 151 203 96 102 431 524 301 731 489 672 137 586 486 576 174 238 344 758 260 733 390 584 150 250 100 225 279 510 241 345 1 143 205 626 252 733 293 716 141 475 38 280 481 979 410 856 396 808 159 351 268 504 422 611 485 636 120 408 28 508 443 766 130 509 227 237 350 664 236 544 55 231 
25
637
138
253
284
595
950
807
162
292
857
46
241
452
69
116
21
18
963
731
240
628
528
531
100
592

200
29 866 31 706 220 1341 560 1377 940 1428 712 1000 64 762 11 346 812 1528 321 824 779 1202 955 1447 211 1169 1059 1816 728 1890 1104 1419 244 815 793 1361 676 1532 841 1120 294 1336 904 1547 881 1307 1141 2000 41 273 402 915 358 1295 828 1103 1136 1215 163 1007 1195 1898 1076 1507 362 996 413 925 233 999 786 859 992 1915 106 1026 1206 2025 709 1527 77 169 733 1712 470 833 205 1220 180 925 528 682 422 744 167 516 392 1093 89 766 432 964 1212 1929 446 1559 1148 1217 967 998 884 1565 267 1149 454 881 970 2096 856 1735 751 840 340 1488 651 1257 263 1017 982 1650 168 1248 562 1587 710 764 714 1696 1159 1657 889 1765 338 648 277 1047 597 925 533 1359 626 1082 697 1572 422 1440 643 769 472 745 1214 2199 387 674 189 508 988 1543 896 2070 1237 2120 296 1060 570 1038 1115 2170 786 1140 374 1115 373 768 1169 1848 1070 1492 477 1305 881 913 456 1544 43 743 806 2022 275 1272 878 1640 608 1852 579 1464 555 1419 76 912 773 848 546 1361 782 1491 3 704 1239 1452 839 1454 270 1008 758 865 736 877 340 921 1150 1242 823 1321 543 912 1204 1400 716 1499 388 1390 5 992 1013 1620 1216 1249 211 249 169 1139 452 881 827 1900 499 1153 1000 1306 744 1239 683 1880 203 1445 1080 1788 1177 2083 967 1077 180 1368 1053 1141 1 1083 805 1817 501 1650 254 511 1228 1424 1044 1796 547 785 595 1600 533 1475 1047 1561 94 987 931 1546 779 1971 37 1215 110 467 261 601 1138 2385 551 1602 161 401 1167 2223 213 1133 1062 1767 1048 1981 952 1510 201 1148 359 781 863 2056 951 1567 696 1558 865 1773 1058 1999 191 1110 116 1046 824 2009 667 1727 24 1233 1125 1148 682 1491 840 1281 707 1204 903 1223 259 432 796 1932 1072 1772 1241 2051 1221 2264 888 945 609 1414 123 394 232 849 404 1403 543 1536 606 1367 637 1279 92 668 204 1220 804 1180 44 824 441 725 1038 1495 226 1174 1240 2440 
100
1057
1893
21
1114
1975
1296
2325
14
1422
481
1114
1062
2485
1653
923
2426
778
1295
950
1773
979
986
2243
1636
1142
1473
4
1294
2044
1705
758
1675
2306
2257
470
1612
1711
1937
739
1491
1591
409
339
1797
1156
1318
701
528
265
1339
851
2496
2163
1818
478
806
1859
1137
1696
39
422
2136
1684
1127
2499
454
964
129
569
572
396
83
689
1119
947
1104
1606
957
2156
490
2128
130
735
2080
1078
1873
526
1749
1966
1338
868
665
1856
1400
1337
96
694
723
452
1156

500
1 5000 5000 5000 2103 2927 708 3022 1858 1872 333 1883 1258 3496 1556 1648 2052 4375 1647 2854 1365 1684 1916 3000 575 1304 284 1440 2207 3310 1624 2243 1005 3355 1176 2901 2455 3396 1060 3023 131 751 549 1092 437 1482 2048 3566 2402 4674 2105 2255 844 1656 2080 3540 1302 2307 993 2909 730 2689 362 1018 598 2235 1790 3577 841 1045 504 762 1868 3195 1959 4186 718 2241 1189 1655 2212 4395 779 1512 577 2682 2289 3473 114 203 2077 3710 2274 3790 915 1349 182 2095 972 2712 2172 2916 456 785 1329 2121 959 3397 213 1532 2067 2790 1467 2168 1036 3333 1518 2643 1484 1789 1556 2356 1202 1709 150 1038 1062 2371 1037 3531 144 1407 4 1197 2011 3600 54 1728 1569 3913 1107 1444 2397 3808 999 1081 1520 2428 2111 2260 96 1894 657 2136 271 1713 1022 1399 1237 2704 471 1887 1405 3877 874 2970 1594 2818 1615 2718 2110 2255 1343 1496 328 2738 856 1533 163 1794 1103 1270 1027 3139 1119 1845 1140 3314 1083 1517 1985 3490 1732 2174 2272 3827 1385 2441 2041 3995 936 1285 2432 4833 1142 1450 1455 2564 1666 3793 166 2117 450 1963 2095 3098 1699 3299 2057 3848 1337 1832 1213 1730 48 2537 1659 3395 1225 1818 1403 2557 2096 4141 625 1953 1907 3188 252 1419 744 1660 2115 2993 1057 2959 1996 4149 2105 3192 1987 4156 1058 1059 1387 3030 2102 3963 1440 3331 951 1278 1245 3454 833 1500 1904 4162 2462 4510 1557 3026 2016 4280 2464 3850 699 1082 2403 4268 1545 3062 1808 2572 236 2235 784 3158 2456 2878 1005 2701 2459 3998 1918 4336 929 3171 2309 2692 2476 3482 2426 4105 2029 3728 1664 2685 473 656 252 333 1187 3446 366 778 927 2568 643 1666 2456 3424 516 2943 1187 2778 699 2077 1862 3858 1069 3324 1324 2262 2156 4400 522 1690 1286 1727 978 1220 1379 2217 1563 2836 1984 3413 1238 1818 953 2411 484 1406 728 2648 1142 1876 1648 2028 1278 2825 1362 1580 1235 2031 495 2240 740 2257 677 1209 214 2542 1843 2098 1665 3187 386 2329 525 759 870 1759 1574 2791 26 285 2253 2978 1493 2962 2378 2982 1770 2627 668 2192 2143 2796 1056 1372 1770 3614 194 476 397 2789 944 2792 1176 2979 533 1366 1337 3416 1359 2928 1144 3268 1710 2884 1497 2330 390 2860 1119 1677 1031 2022 2143 2411 1744 3545 2298 4162 1413 1459 604 1903 1526 3887 518 1585 1521 2122 2011 3509 2015 4304 1911 2850 1684 2292 225 1872 1038 3529 983 2837 929 2005 804 836 89 903 274 2581 1115 2614 2141 4618 1229 1474 1101 1289 766 946 180 1886 766 1577 960 3216 412 1075 1600 3187 198 2599 1573 4062 913 1872 2009 4315 2271 3076 633 1372 2377 3363 1748 2500 2342 3164 372 2442 231 1495 1079 2119 676 753 1102 2541 81 421 87 161 1770 3443 2378 4862 80 1089 1468 2749 2434 2469 2087 4566 1319 3744 1269 1857 1002 3129 1670 3432 796 2733 77 2181 2365 4217 917 2038 368 2058 18 330 717 3188 992 1141 1357 3485 646 2764 757 2057 2080 3846 1616 3835 343 852 1043 2890 337 1271 198 2439 770 2603 1737 2357 357 2165 336 705 281 1749 269 1664 2305 4554 1468 2175 850 1686 1082 1262 320 1238 992 2504 574 1567 2034 2513 2104 2840 2244 4042 1373 3088 1871 3379 1118 2643 781 1846 1803 2249 1860 4196 1819 2968 1886 3409 1962 2818 1388 2874 159 1269 1771 3704 168 1159 1447 3490 1336 2526 1094 2461 675 794 1873 2107 1769 2874 1088 1583 2360 4067 2480 3603 2036 2603 1831 2069 667 2108 918 1297 1382 3404 94 1467 575 2408 806 1416 1475 2944 1077 2665 2412 2597 2253 4525 756 950 1732 3154 866 989 2179 4603 1211 3184 1569 2040 556 1793 161 824 227 709 1565 3601 1724 3379 362 2255 751 3205 217 887 1779 3159 641 968 117 794 890 952 739 860 822 1021 1932 2253 10 804 1714 3862 1326 1856 492 1906 2043 4289 1554 2424 325 1378 2050 2214 1593 3217 1849 3062 1599 3849 507 2134 1361 1945 464 1110 741 1484 1872 2713 962 2073 173 464 319 2283 308 1742 2368 3836 1966 3015 1889 2452 2442 3792 2061 4287 437 2396 12 103 250 1432 577 1476 2208 4277 108 1354 1853 3573 1796 2915 1896 3958 781 3169 2295 3397 396 1369 1116 3273 1176 3110 310 1548 565 701 525 572 1080 1284 2190 3582 1335 1962 1 1292 2495 2689 1301 2378 780 1357 2325 4005 2120 4467 746 3068 208 2393 1435 2129 1488 3509 247 2521 1846 2589 1459 1915 1379 2021 1524 3799 610 682 560 703 2278 2385 1947 2733 259 2201 981 1994 136 2249 1235 1781 1868 3689 2112 2891 2459 2462 763 1611 1908 3018 471 2894 1737 3638 82 1355 2007 2638 983 1945 1433 3096 1419 3365 668 1752 827 2241 2261 3679 508 2838 319 2114 1759 2372 219 1144 1036 1383 566 2419 2350 3121 970 2267 1394 1702 473 1684 1786 2325 1843 2519 293 1481 1472 2049 657 2344 1739 3576 1899 3037 2333 3671 667 1190 1013 1928 1692 3542 1904 2229 496 2821 1230 2875 2399 3061 2409 4437 1801 2968 1222 1886 581 2127 101 629 1227 2610 69 1553 218 272 1779 1794 421 2754 1781 3709 1725 1872 1683 1851 2077 2602 1176 1710 2089 2343 1690 3477 727 1809 560 2953 1663 2162 1670 3040 1315 1674 281 1278 1424 1666 312 576 2281 3342 2091 4193 1742 2031 282 911 256 710 1094 3438 248 947 1084 3242 1649 3444 
500
2695
1435
3676
3327
1277
4401
75
214
1985
2253
4878
702
572
3536
1034
2800
875
627
307
1640
505
4397
38
3628
294
2543
3728
1371
2491
2204
391
1714
1993
620
3139
4457
942
232
3727
3957
3003
1815
1458
4998
3860
3447
3973
2241
2292
2624
1545
832
3421
3250
238
3604
3761
1158
122
1341
4057
3202
2540
2264
2655
1630
428
3303
2985
4028
4281
1327
2157
2717
2774
355
315
1397
2226
549
2268
3944
1850
733
413
4927
4685
1474
4528
211
2412
4605
1919
1666
629
2997
3749
3062
3747
4852
123
3666
3803
3569
2364
2665
2388
1095
4726
135
4916
795
173
361
1924
2379
4214
3744
1639
2665
4549
3560
1228
3062
1339
263
2757
2036
4543
128
1500
2044
1680
839
657
750
4076
1728
4082
3839
3488
3440
3792
1445
2333
1557
3241
3989
203
561
3792
1589
2053
993
573
3926
3608
3477
634
4977
2185
2704
1699
1755
2050
3910
3049
2179
1721
4021
4835
4544
4158
717
3513
1455
2358
41
1199
2081
336
2631
4931
2876
500
3100
1363
3864
3075
4624
2373
3178
4271
841
1533
2565
3728
84
2844
4572
2999
150
3491
612
2635
944
3965
2622
4733
1953
4865
4050
3490
3133
3740
2743
3198
3491
4386
1704
4215
4901
789
2920
1261
1865
1060
2078
891
2356
689
4259
3674
3853
4351
3424
4291
1335
189
2781
359
3609
2180
4333
4989
1816
4265
4797
4198
1684
3567
2594
2873
3455
4548
402
2302
2226
2478
490
2153
2946
2338
2967
222
759
3737
2161
715
757
4480
4513
342
884
2578
1372
4435
4914
1212
4479
2682
2233
2300
2482
3084
2322
4287
833
216
408
4862
2893
2518
1106
2508
4514
1622
400
1495
337
2542
1511
552
3214
271
2983
1417
3292
4490
1713
1106
4836
3085
2918
911
2572
772
91
2666
660
4221
537
3256
4179
1252
3761
3187
4680
1712
2628
2756
1470
3592
3168
2170
1207
158
2694
4651
3025
3358
2552
1798
4045
66
4721
11
4764
2086
4485
3304
1188
1954
271
1633
1201
1810
4169
2698
111
2030
1886
4100
2322
2446
172
210
4464
4326
2789
2486
1607
3346
3476
1069
4801
2998
2324
4036
4646
3605
4620
2846
1152
2340
1575
2211
1305
1177
3017
990
3080
2117
3995
3227
3931
1804
1095
1467
1591
2381
2151
1925
1466
1250
160
3179
4105
574
2100
2982
2766
4077
4885
551
274
45
3605
4
4480
463
3746
4322
2193
714
2679
1669
1692
692
4358
906
2301
4302
3050
2476
4230
2515
648
1675
196
4116
341
4726
1696
4787
4434
2776
2302
2682
3877
4942
3098
3968
4098
4828
4350
2519
3478
2367
392
3517
2900
2410
56
2972
4896
2928
2048
864
1016
2042
4196
2365
731
542
1784
2803
73
3221
273
2575
1018
3007
4987
303
4596
2581
4938
3281
772
1635
4661
192
4373
3512
4060
2596
2390
2627
3146

150
52 52 279 279 910 910 857 2072 1019 1619 300 451 592 826 728 904 522 868 966 2176 302 478 344 354 912 1911 1246 2481 489 771 1152 1949 253 1410 369 509 492 1438 1000 1128 926 1689 317 1093 533 1589 1110 1142 701 1153 269 1292 1002 1315 547 679 967 1779 868 1592 665 1654 309 786 155 854 714 1914 691 1854 767 1463 1008 1727 175 1190 1136 1429 1109 1810 400 1615 60 1110 169 736 82 468 1099 1501 151 1122 304 538 860 1611 1212 1681 671 1502 824 1739 891 1723 49 153 1005 1273 498 725 298 1386 44 799 97 937 1206 1991 1072 1962 436 773 284 564 904 1401 434 801 391 586 482 1644 1074 1327 512 1524 915 1125 265 956 100 1286 772 1888 899 1953 853 1564 1120 2199 1188 1379 557 1234 1097 1232 8 108 37 334 744 1177 545 1598 866 1934 880 1073 979 1632 1138 1144 15 542 354 1299 777 1763 1205 1237 859 1213 437 1461 77 380 1236 1581 983 2173 821 996 178 576 593 1156 1178 2422 584 1258 170 1414 752 1074 887 1004 476 1207 995 2197 49 51 355 924 812 989 1100 1466 1242 1967 787 1684 1059 1312 467 569 513 1147 1129 2181 380 930 782 1128 109 999 132 1305 575 1818 824 1554 641 715 1170 1214 383 475 1058 1125 265 780 574 1225 73 1231 1249 2210 481 528 974 1675 148 550 9 438 327 655 848 1055 395 950 662 1689 635 1087 526 1266 1189 2025 275 1403 314 910 23 39 183 937 653 1047 563 941 763 1598 133 647 800 1243 901 1461 
80
52
1278
2426
33
1995
19
303
1383
2423
329
436
1274
1103
2284
15
117
1443
1061
1605
2226
121
2440
2187
358
671
1630
2223
380
349
569
2016
1272
365
2003
1987
1264
1291
2444
924
254
1385
2252
1445
1437
87
844
2402
1522
976
1666
1145
1424
323
944
424
1755
2458
982
266
1198
1553
1200
306
1568
1245
1398
616
1473
607
1923
1235
1571
2000
853
611
408
1432
419
680
910

200
65 306 115 1403 9 592 59 1546 72 630 122 1565 435 1063 485 1781 62 930 112 1715 854 1735 904 2117 1110 1748 1160 2124 589 1563 639 2031 755 1887 805 2193 675 1385 725 1942 427 1592 477 2046 1236 1622 1286 2061 786 1329 836 1914 771 1508 821 2004 992 1208 1042 1854 1061 1567 1111 2033 74 375 124 1437 427 1162 477 1831 94 941 144 1720 296 1373 346 1936 220 1317 270 1908 550 1349 600 1924 398 574 448 1537 588 1451 638 1975 196 203 246 1351 434 868 484 1684 828 1364 878 1932 620 987 670 1743 494 1611 544 2055 361 527 411 1513 52 1249 102 1874 1045 2152 1095 2326 189 635 239 1567 76 694 126 1597 808 1638 858 2069 899 1140 949 1820 1092 1310 1142 1905 1227 1895 1277 2197 572 978 622 1739 1033 1346 1083 1923 640 860 690 1680 547 1671 597 2085 425 1473 475 1986 74 294 124 1397 204 532 254 1516 285 625 335 1562 1237 1635 1287 2067 1179 1836 1229 2168 919 1735 969 2117 832 1631 882 2065 1141 1272 1191 1886 769 1328 819 1914 50 1082 100 1791 802 1430 852 1965 87 389 137 1444 730 1290 780 1895 705 1315 755 1907 396 1239 446 1869 850 1305 900 1902 716 1829 766 2164 994 2023 1044 2261 199 487 249 1493 175 736 225 1618 939 1165 989 1832 518 919 568 1709 312 1230 362 1865 745 1019 795 1759 432 861 482 1680 1129 2167 1179 2333 479 501 529 1500 735 799 785 1649 968 2152 1018 2326 200 1041 250 1770 65 419 115 1459 1018 1919 1068 2209 598 745 648 1622 1175 1328 1225 1914 672 793 722 1646 350 1224 400 1862 241 1355 291 1927 1045 1131 1095 1815 337 1489 387 1994 324 375 374 1437 648 1077 698 1788 377 499 427 1499 144 667 194 1583 626 1130 676 1815 894 2085 944 2292 384 1066 434 1783 719 854 769 1677 996 1060 1046 1780 956 1079 1006 1789 1033 1964 1083 2232 957 2098 1007 2299 817 1700 867 2100 7 54 57 1277 238 381 288 1440 335 977 385 1738 317 973 367 1736 1190 1891 1240 2195 
150
1128
1279
2060
892
1373
1018
1763
2031
2313
1794
1478
755
1186
2023
25
342
1084
2306
1871
2253
1661
24
2329
2222
1883
1611
610
387
827
622
1303
352
1870
2340
598
2452
624
1953
1896
883
2182
1969
1303
2413
79
234
2294
871
1566
2453
116
60
123
486
113
905
1161
640
806
726
478
1287
837
822
1043
1112
125
478
145
347
271
601
449
639
247
485
879
671
545
412
103
1096
240
127
859
950
1143
1278
623
1084
691
598
476
125
255
336
1288
1230
970
883
1192
820
101
853
138
781
756
447
901
767
1045
250
226
990
569
363
796
483
1180
530
786
1019
251
116
1069
649
1226
723
401
292
1096
388
375
699
428
195
677
945
435
770
1047
1007
1084
1008
868
58
289
386
368
1241

150
1167 2279 489 1167 1034 2139 1164 1513 461 982 811 2029 1167 2280 2 1134 844 912 1091 1965 55 587 822 919 932 1943 1069 2050 729 1050 17 390 1228 1346 646 1680 33 1250 518 912 1168 2287 1088 1740 389 1381 747 1457 1058 1839 895 2125 700 1513 1002 2051 781 1935 90 432 852 1590 999 1540 810 846 1130 2340 1087 1768 362 871 358 1603 542 636 686 1797 188 223 698 1603 489 1472 486 1006 507 1173 596 725 1099 1860 25 983 374 402 1206 1949 987 1480 896 1939 8 797 608 1291 228 440 862 1598 1151 2256 849 1370 676 1277 787 1794 657 1320 899 1644 431 1554 285 1377 1178 2122 1229 1282 733 1429 254 777 966 1880 434 1371 44 288 208 641 84 1102 271 1015 1029 1507 113 133 1089 2153 306 1392 946 1859 744 752 13 1216 916 1606 751 1828 839 1135 900 1688 712 1908 64 767 1228 1681 304 1283 918 1788 617 1252 850 1814 435 980 754 1676 81 983 255 1141 722 989 31 133 662 829 636 1474 100 761 919 1388 1075 1524 784 1151 1095 1733 1195 1782 260 1263 341 962 657 1187 367 381 1151 2400 459 741 225 803 1049 2096 117 1005 767 1734 946 1825 768 1063 458 873 126 743 389 1161 919 1357 393 638 510 602 282 1241 322 528 1238 2443 261 694 1081 1969 179 1306 554 1717 612 1218 627 1335 937 1163 610 1395 1218 2045 177 1062 920 1686 673 1783 567 1532 222 1382 242 1091 313 882 598 1184 762 809 480 1157 1101 1285 903 995 61 699 951 963 445 675 
80
1167
521
1692
1345
657
1003
573
900
1826
153
636
1003
1653
2114
320
94
2466
1248
135
1622
11
1787
552
958
2370
844
499
1080
1363
971
2258
1470
2138
735
2200
2269
1754
41
2286
1105
1621
1281
366
1243
1900
1785
143
2260
2035
214
1496
1853
23
1760
2124
1236
2191
806
1247
1491
425
2276
1069
1976
1018
2055
295
65
957
179
687
741
2
1647
1648
529
1181
1993
103
37

