6
10
1 27 21 31 25 71 17 37 1 1 28 72 27 73 35 66 16 31 33 34 
5
67
13
89
34
49

25
23 129 37 64 33 88 69 142 50 139 15 66 66 113 13 67 47 163 8 28 90 175 71 124 69 92 71 89 80 156 49 158 121 217 98 141 75 188 12 65 64 102 11 133 31 36 98 162 12 22 
25
17
63
76
204
201
155
110
225
83
200
214
215
33
8
246
40
100
11
123
220
68
19
248
184
206

50
1 500 500 500 227 456 178 328 157 169 121 219 205 360 132 238 118 245 249 443 105 278 34 139 142 142 163 404 25 30 91 290 178 427 140 324 128 312 234 323 55 130 205 299 86 202 168 296 102 329 67 211 220 346 246 431 99 186 6 126 184 213 94 136 172 340 162 283 212 398 111 118 225 269 181 427 208 257 115 293 41 248 155 327 121 254 113 140 164 164 230 340 83 282 143 349 219 332 46 52 
50
105
393
93
266
336
252
431
266
236
119
11
159
118
32
129
185
73
320
372
119
325
331
278
358
25
224
295
346
290
86
34
329
293
127
92
422
494
268
315
298
412
186
364
375
333
332
498
477
166
157

15
178 178 78 78 99 99 145 269 36 213 64 124 174 312 171 253 106 109 136 163 155 248 4 128 1 158 120 138 120 254 
8
178
142
125
176
297
262
163
99

20
58 62 108 231 81 129 131 264 35 228 85 314 97 140 147 270 138 191 188 295 107 231 157 315 1 194 51 297 82 148 132 274 120 261 170 330 81 138 131 269 
15
125
16
53
24
170
109
132
86
148
189
158
52
133
171
132

15
264 397 25 264 74 209 71 80 157 177 16 39 147 251 79 169 176 312 30 40 20 171 22 39 86 268 119 178 44 112 
8
264
129
103
362
269
281
218
292

