10
100 20
1 20 45 25 24 91 84 78 55 67 62 21 20 34 97 85 49 2 10 47 55 13 84 75 76 51 13 58 72 94 65 73 65 61 49 40 52 33 17 58 51 78 30 22 12 26 7 12 80 68 58 86 80 94 60 55 44 72 65 16 17 29 40 81 41 88 21 44 20 37 1 23 67 30 44 30 8 50 41 87 69 51 72 49 44 84 3 39 7 67 54 24 47 93 4 88 33 76 31 4
65 4967
26 5020
65 4981
12 4979
71 4999
58 5011
54 4969
88 5002
65 5009
88 4980
9 5010
46 4996
86 5049
94 5033
77 4974
73 5010
60 4952
23 5027
68 5017
48 4961
27 10
57 29 91 38 68 40 2 10 27 25 70 19 70 24 56 71 70 25 100 46 98 40 57 96 63 80 15
2 357
23 378
25 355
4 370
15 378
15 369
8 368
5 365
8 376
5 372
18 20
95 42 24 92 33 80 39 47 11 5 95 90 61 79 25 97 6 97
2 154
5 171
14 159
12 171
3 169
5 165
3 157
8 154
17 168
5 161
1 158
18 157
15 154
13 159
14 159
1 159
10 168
11 166
16 169
6 156
968 20
78 4 6 28 39 17 22 55 8 7 69 61 44 77 3 45 15 21 42 11 39 90 83 80 3 22 46 17 95 59 85 24 15 42 3 53 11 77 59 18 83 79 78 78 7 32 22 74 4 63 84 42 52 66 22 6 39 19 22 85 29 59 60 43 52 63 48 62 91 6 79 73 85 8 2 91 91 23 64 46 37 100 40 40 17 13 46 56 31 19 40 59 29 52 54 81 66 53 94 56 58 25 80 94 84 81 85 75 55 100 72 91 51 11 30 68 23 27 75 5 98 66 16 78 17 69 58 82 21 4 89 30 28 68 24 11 48 60 37 54 11 9 44 62 71 26 81 94 4 55 50 53 20 65 31 89 85 88 70 57 91 11 87 70 78 62 81 78 73 17 31 35 77 27 96 48 52 76 93 7 82 42 60 54 59 90 42 43 29 63 52 72 73 90 41 51 51 73 80 75 90 10 9 18 88 57 17 91 84 9 98 66 3 57 19 13 98 12 55 26 74 6 97 47 47 90 49 49 62 28 23 3 89 84 21 29 40 37 19 23 98 16 40 52 24 58 64 21 69 18 99 95 76 47 41 74 36 41 23 98 20 45 100 60 80 72 88 19 61 7 94 58 74 33 9 98 91 72 70 11 41 68 5 68 15 97 42 50 37 64 99 56 60 51 16 40 74 55 10 34 61 3 91 35 36 51 84 78 22 53 88 15 73 45 34 87 41 75 88 78 90 87 85 2 89 100 93 62 7 2 96 67 5 38 53 92 89 88 69 62 41 56 28 13 100 62 51 93 36 38 70 78 76 6 31 16 58 23 78 64 24 25 30 80 14 35 71 54 22 91 68 14 99 95 78 50 56 28 42 44 18 11 21 93 17 3 9 26 25 38 89 100 14 18 80 79 4 2 33 78 93 100 91 91 94 69 40 2 96 82 45 13 44 17 58 12 19 18 37 43 7 77 94 20 95 25 50 50 27 34 27 71 85 18 13 79 38 52 32 85 85 76 50 81 92 7 44 62 76 33 56 82 9 49 53 55 74 2 5 52 36 83 74 20 52 86 50 89 89 81 74 26 8 23 6 51 81 1 12 56 85 19 89 94 68 41 100 93 42 56 44 29 39 69 1 90 54 2 31 42 35 4 67 42 78 24 93 10 77 56 65 61 75 53 6 94 45 6 38 86 13 33 67 51 1 67 93 54 20 23 95 54 78 14 96 55 89 40 64 65 47 80 78 73 84 83 66 28 40 3 65 53 35 31 3 35 49 47 40 21 69 87 74 46 100 69 52 40 60 67 5 7 46 82 31 29 16 49 8 56 51 73 8 38 55 10 24 56 9 16 76 77 2 49 75 53 70 26 92 81 93 96 39 90 29 70 71 45 18 78 100 20 2 59 9 9 20 85 64 28 100 91 5 1 91 31 53 60 56 44 93 100 92 31 90 72 52 12 68 21 89 19 41 91 77 1 99 97 85 14 24 84 4 80 84 46 10 88 58 18 84 50 69 27 32 10 98 84 21 66 4 10 36 96 52 13 97 2 61 81 67 36 65 22 68 100 67 29 40 24 46 23 73 67 49 5 76 98 40 97 15 95 58 51 91 61 15 87 14 75 19 80 10 35 1 77 35 67 58 26 43 3 48 15 21 96 71 97 45 62 45 60 57 54 10 47 14 24 85 27 50 3 58 11 38 58 40 24 76 97 49 18 51 48 85 72 95 55 20 39 69 16 98 25 69 7 23 34 82 7 12 31 61 69 42 98 26 81 73 53 77 21 71 27 20 55 98 14 61 69 53 29 84 50 5 52 9 27 85 90 85 96 21 46 16 62 95 93 94 68 46 70 40 68 96 60 22 46 73 34 14 25 15 98 27 19 1 35 98 38 24 34 85 96 79 1 9 26 93 2 93 38 71 84 5 19 43 78 16 68 64 81 44 78 78 70 48 31 56 45 68 32 31 52 27 61 4 36 86 97 89 30 86 60 14 43 30 8 72 45 75 35 25 19 12 55 40 60 37 96 56 4 79 86 7 5 47 11 92 84 7 81 14 44 92 27 86 21 86 58 17 61 92 93 31 56 99 70 15 35 17 22 38 95 60 97 52 6 7 43 41 65 75 54 60 66 32 98 38 18 55 6 30 98 99 60 5 97 81 19 32 50 93 21 96 52 69 99 9 27 94 49 91 68 3 3 86 86
644 468494
15 468171
37 468653
39 468726
595 468589
147 468793
570 468259
617 468583
715 468633
705 468982
491 468792
734 468437
618 468941
607 468321
222 468213
513 468132
471 468317
722 468490
55 468084
777 468347
141 20
83 81 21 93 9 43 27 80 15 29 2 96 58 17 25 30 52 60 3 19 80 28 13 55 57 39 14 89 43 19 80 26 51 53 70 59 95 48 90 9 76 44 4 34 60 80 15 63 39 69 34 19 96 98 73 53 37 38 93 31 8 25 8 58 77 77 68 71 24 58 31 52 53 87 37 64 66 51 27 57 71 60 27 19 57 99 71 93 89 15 24 48 39 31 6 67 60 25 89 35 34 20 38 86 6 74 50 23 76 28 31 47 87 57 65 43 8 87 88 96 1 63 43 92 45 100 58 4 77 47 91 10 18 28 48 75 2 49 97 29 76
33 9966
92 9895
110 9988
4 10010
105 9917
21 9884
118 9974
89 9907
96 9969
111 9872
90 9930
133 9998
127 9945
140 10006
16 9929
100 9891
61 9889
96 9983
5 9980
104 9902
913 20
87 55 46 11 56 30 44 13 89 24 59 58 72 85 26 43 64 90 14 72 81 12 6 33 45 82 41 21 39 43 35 25 49 32 87 5 61 83 69 2 6 27 11 29 64 37 23 27 78 36 50 59 47 7 43 92 89 35 12 27 77 98 4 26 30 42 82 42 24 50 43 81 28 54 10 43 42 32 22 19 20 71 29 66 78 24 9 18 58 73 96 87 70 51 64 51 93 45 93 68 46 87 49 25 92 10 68 33 41 89 4 60 11 32 78 40 55 86 9 65 58 5 51 80 7 14 30 99 10 74 67 7 61 67 31 52 76 50 37 68 90 40 80 1 23 57 92 78 94 1 94 4 57 44 83 63 9 12 14 18 86 32 24 98 98 6 1 25 56 37 92 45 28 71 97 51 79 89 80 73 41 73 76 97 16 10 59 76 21 72 93 58 3 68 7 52 73 8 76 80 96 68 77 24 90 73 26 21 13 5 93 53 77 20 49 44 81 8 19 53 31 63 11 86 30 69 37 54 76 65 86 72 84 62 47 73 34 72 93 47 76 37 99 4 8 100 47 88 59 65 41 89 27 3 26 8 71 63 13 99 27 98 22 62 11 68 34 97 91 79 95 18 67 45 21 27 44 67 14 2 83 6 43 61 8 68 68 31 82 32 29 60 82 50 21 92 69 55 40 59 85 34 76 3 79 48 29 22 66 43 76 48 100 18 8 60 85 27 90 67 10 70 26 91 19 47 35 39 53 74 97 89 60 24 91 38 23 20 11 88 14 86 35 13 3 94 72 40 72 13 6 81 82 83 24 52 29 10 90 33 35 38 21 94 61 64 83 35 83 94 22 48 31 8 60 34 53 84 73 24 96 30 57 30 12 32 81 93 41 71 77 27 8 98 73 21 13 55 55 95 100 29 42 31 36 53 16 89 36 40 64 84 69 20 13 32 51 93 76 43 15 53 22 75 2 94 47 14 100 1 60 100 81 1 30 17 5 45 57 93 84 20 76 4 92 88 87 94 32 63 89 99 15 10 73 16 3 19 81 54 71 40 53 52 40 34 20 96 30 76 88 65 47 15 68 38 2 55 84 86 69 72 84 83 81 8 50 35 26 30 88 96 69 93 47 60 26 18 55 8 93 95 72 92 9 40 29 63 46 12 48 14 35 83 48 15 90 97 1 67 78 41 62 46 33 61 57 10 78 11 17 23 5 89 14 66 80 94 28 25 58 27 90 92 9 37 59 50 85 59 16 62 99 29 59 83 89 15 93 19 77 61 93 34 49 58 99 28 51 26 4 60 52 45 52 12 33 62 13 69 72 28 82 71 8 40 5 97 6 49 67 83 10 11 16 10 68 14 90 18 91 93 78 94 90 81 5 22 94 69 43 65 96 24 87 55 64 92 3 69 40 69 3 1 79 18 11 46 83 100 16 73 44 45 66 33 77 22 7 70 90 49 34 37 24 21 92 87 64 94 8 55 15 10 56 45 80 66 43 62 65 10 87 60 54 52 93 82 26 51 3 67 51 36 4 74 8 47 13 71 40 72 26 6 33 33 51 12 98 93 26 14 2 12 73 7 15 17 88 92 19 90 59 69 77 14 95 37 60 59 7 51 30 84 57 62 16 7 26 65 51 51 78 52 14 3 10 80 71 49 72 42 90 82 62 66 95 56 54 54 14 61 4 43 96 12 57 64 70 82 28 20 84 58 23 97 60 32 28 82 80 99 23 69 32 85 87 26 92 40 31 58 52 35 100 100 98 8 63 68 89 90 87 24 47 10 20 58 93 100 92 25 98 14 45 30 50 83 7 94 23 38 51 26 24 2 25 21 10 87 88 50 29 27 74 75 88 45 85 32 44 76 56 94 41 1 75 43 83 81 36 57 18 86 83 93 39 59 14 48 98 53 50 26 31 23 100 18 19 36 50 63 11 57 8 4 57 82 98 92 14 33 100 84 70 34 76 8 93 41 8 90 94 9 15 76 31 66 94 1 54 95 15 16 51 22 19 60 55 16 51 69 100 50 4 21 36 79 81 28 20 88 69 65 96 35 40 78 52 85 30 5 79
907 417155
889 417108
78 416553
669 417178
584 416859
764 416807
365 416687
717 416995
450 416643
853 416389
862 416385
604 417069
28 416633
290 416821
690 416733
310 416473
681 416957
903 416483
60 416498
822 416513
936 20
94 26 84 24 5 9 34 62 58 83 88 70 79 99 74 4 10 15 59 78 86 9 65 38 29 43 30 21 79 12 57 73 89 92 96 45 1 82 59 58 64 98 79 43 96 5 98 58 19 56 87 56 17 51 93 45 46 22 66 24 85 74 48 25 66 96 70 18 29 80 27 92 77 5 86 24 61 84 33 79 91 19 86 7 22 78 52 67 51 69 42 35 94 42 60 59 89 81 28 17 60 54 8 88 11 46 63 71 29 96 2 19 14 87 26 35 17 29 53 67 97 95 2 90 88 13 1 76 93 80 92 4 86 51 43 96 96 5 18 76 100 71 95 66 10 72 52 26 52 5 44 100 51 97 41 38 9 41 65 53 73 56 8 58 58 50 5 6 7 22 81 58 45 27 75 54 50 27 79 1 31 22 100 81 19 41 70 79 33 34 32 5 41 91 14 50 41 18 55 99 92 36 56 36 14 31 89 64 57 19 16 39 92 16 71 62 8 40 41 40 25 24 97 17 14 10 66 6 80 21 4 71 8 12 58 21 42 98 36 50 16 52 40 7 19 10 69 26 1 61 17 77 84 13 93 97 75 58 3 54 30 6 76 37 17 33 10 10 30 97 11 97 100 50 55 18 11 23 43 63 83 12 39 18 24 83 15 98 41 69 51 22 26 78 11 95 10 72 4 91 68 67 39 68 68 94 37 79 68 32 41 3 43 32 20 66 14 86 16 6 54 66 28 80 96 90 74 57 61 29 48 28 47 38 47 15 31 84 93 51 15 85 53 9 16 72 74 82 10 41 39 63 59 66 94 54 7 19 10 67 100 9 95 46 47 93 60 29 76 4 79 42 89 83 2 56 55 28 89 16 68 28 78 26 45 24 79 52 94 89 18 93 49 64 91 95 57 50 76 84 54 6 78 94 89 79 1 95 6 90 10 74 17 39 51 61 62 30 12 56 70 30 100 18 93 90 65 1 92 40 85 97 45 62 90 33 92 90 27 98 79 88 23 95 27 73 8 88 2 19 95 23 100 95 41 45 36 57 45 27 48 81 23 92 94 64 77 86 6 55 35 36 43 57 83 69 29 90 8 83 60 3 57 60 49 49 56 84 5 52 63 52 33 37 96 78 1 24 63 58 78 97 93 72 5 75 92 86 16 100 20 76 54 76 87 2 25 42 37 81 93 99 85 77 88 80 55 88 3 17 97 32 66 89 56 22 64 47 7 31 98 26 6 51 54 92 4 30 85 93 10 78 91 94 6 78 25 60 17 79 29 13 11 46 54 66 67 69 64 26 99 62 3 5 64 56 48 68 85 33 12 47 62 2 92 67 32 17 79 100 95 7 65 57 4 18 74 22 38 38 47 36 51 50 92 66 57 40 85 94 24 96 40 85 50 83 3 33 99 81 32 46 39 48 2 94 17 28 16 54 17 62 90 67 63 33 84 20 24 69 13 47 64 4 83 65 38 86 97 37 18 29 34 57 28 87 2 45 14 17 98 30 31 39 48 93 24 32 12 47 52 76 94 67 31 76 32 69 13 28 57 31 56 90 39 36 76 40 80 42 57 77 71 87 68 19 79 91 2 43 37 53 70 82 19 53 58 50 73 22 30 81 52 37 70 90 72 97 30 51 38 38 80 61 24 47 31 54 89 32 48 77 36 70 59 6 74 68 8 46 89 37 26 41 73 47 82 45 95 11 47 85 100 26 45 75 24 75 81 12 58 28 41 93 49 99 50 22 18 57 19 6 93 96 98 18 94 80 14 41 42 60 25 94 86 21 68 61 95 48 73 4 28 65 48 76 63 97 50 32 54 20 37 98 68 87 15 61 18 28 53 59 88 77 52 25 97 72 85 43 19 9 46 46 73 93 74 87 42 23 18 95 94 7 92 61 45 59 74 62 86 26 72 25 55 76 1 3 47 86 98 65 94 43 63 19 88 36 57 29 10 75 75 3 33 18 16 77 76 41 38 14 18 61 38 24 36 91 27 82 76 24 99 21 18 61 91 57 96 48 37 57 74 11 11 6 29 78 34 56 18 23 69 88 83 59 11 19 49 37 100 24 12 50 96 30 10 87 86 57 86 75 13 59 85 24 64 65 1 49 21 71 71 89 58 53
127 438505
863 437958
637 437766
30 438217
688 438391
353 437919
32 438302
858 437936
865 437954
535 437668
798 437631
734 437839
450 438007
752 438481
338 438184
828 438052
217 437890
87 437792
313 437592
88 437645
957 20
53 89 65 39 31 5 99 85 55 95 14 20 56 95 33 89 47 16 11 7 3 83 87 13 49 23 45 89 79 53 98 31 41 14 21 23 70 71 7 24 65 20 95 73 15 27 13 13 94 23 19 97 5 6 9 6 80 6 46 58 58 96 40 50 9 60 73 79 30 31 2 47 51 49 71 17 75 83 81 69 58 99 17 14 56 25 71 36 30 17 93 39 12 85 89 20 44 13 98 26 43 52 24 45 100 46 61 26 28 41 94 37 92 62 51 99 87 21 34 68 89 79 7 100 63 47 72 58 59 69 35 1 72 58 46 71 3 58 49 83 51 94 71 94 56 21 92 94 94 78 61 82 8 19 34 22 17 5 79 75 25 66 28 97 23 25 19 78 82 67 12 84 13 82 29 68 55 21 61 100 50 21 33 57 92 18 78 8 22 8 35 99 73 62 47 48 86 17 25 19 84 88 55 96 21 83 15 75 3 75 26 4 47 59 60 90 76 89 98 50 97 84 48 69 45 46 68 82 62 44 52 97 31 6 44 52 41 58 78 95 32 4 99 31 62 58 20 89 47 69 38 95 52 37 15 48 34 83 29 96 26 33 92 57 90 36 60 30 93 37 25 77 40 23 7 53 32 78 94 30 47 83 24 98 72 91 46 5 73 26 100 98 58 44 6 48 79 65 77 23 54 53 51 45 27 57 50 11 87 43 40 33 77 16 30 48 6 27 5 30 53 4 27 62 99 85 61 77 1 38 52 54 42 2 51 69 11 100 79 97 94 70 29 70 37 10 70 42 89 74 23 93 29 2 54 28 86 15 56 86 4 7 92 97 9 42 65 71 93 95 67 38 17 47 7 53 56 28 47 96 1 69 88 82 70 94 9 55 8 64 93 63 71 36 59 31 29 76 1 73 22 67 10 38 65 68 43 72 96 89 68 96 9 55 77 79 48 37 85 7 1 29 21 23 16 80 5 44 7 5 68 28 23 77 18 87 45 12 58 40 52 25 87 60 32 16 90 31 52 27 90 4 55 10 78 23 89 82 18 95 86 86 75 60 62 44 98 58 55 56 97 6 32 36 17 15 3 7 46 6 33 87 10 39 96 39 61 85 21 31 31 58 16 57 18 29 100 15 87 6 22 35 11 6 22 28 20 24 86 17 30 18 3 91 8 51 29 21 35 49 51 17 7 18 74 76 46 25 42 32 31 16 19 93 21 40 20 92 64 57 61 93 26 15 35 34 65 63 6 51 12 56 68 70 73 93 97 70 69 90 2 99 5 72 92 25 11 63 69 26 72 29 70 97 95 4 82 60 67 87 10 30 42 29 51 66 73 99 36 42 88 89 40 93 60 83 69 22 98 89 100 69 17 69 65 64 25 47 23 43 85 84 72 27 13 74 44 37 24 79 78 11 19 70 55 30 4 76 4 1 64 3 21 33 23 86 96 47 84 18 89 20 53 12 46 65 37 42 54 60 72 31 71 91 100 77 72 4 52 75 56 16 77 77 48 100 14 43 46 49 12 87 68 64 98 66 81 35 7 34 94 30 16 16 72 68 45 44 23 96 18 78 63 95 6 62 46 19 4 43 19 67 29 87 83 79 4 63 65 62 48 10 91 63 26 63 30 70 6 52 17 23 30 80 69 87 41 66 6 97 9 76 15 89 62 97 67 17 59 31 78 58 41 69 21 18 83 50 39 88 2 7 62 83 86 83 69 79 100 26 27 8 2 41 49 15 38 15 32 48 98 61 6 90 29 78 7 63 27 97 50 80 3 64 14 41 98 83 19 97 60 97 57 61 37 5 28 26 71 11 26 68 71 83 9 100 60 15 14 38 63 64 18 66 79 31 6 28 65 76 24 77 72 32 89 60 88 16 86 59 26 63 78 97 45 87 48 4 53 61 93 16 76 10 33 6 93 90 33 9 65 9 85 88 92 74 47 80 41 84 38 19 46 67 15 42 53 14 97 58 26 90 25 54 51 57 59 95 46 44 4 62 4 40 1 95 65 47 74 58 83 63 76 80 30 42 22 34 55 70 91 32 59 15 85 62 23 96 56 20 39 11 81 42 3 33 88 67 80 62 24 14 76 99 93 5 92 66 39 46 36 29 30 46 96 14 7 18 9 15 38 99 25 70 40 27 3 28 46 34 41 21 47 16 72 91 73
798 457479
21 457885
263 458218
361 457980
3 458233
662 457520
676 457571
680 457459
467 457887
130 457463
763 458066
154 458320
153 457851
71 458348
859 457988
859 457704
810 458055
688 458289
5 458313
8 458397
974 20
88 61 90 53 5 52 95 71 57 15 38 89 80 39 13 17 37 4 74 78 68 45 27 41 76 71 9 48 60 15 22 47 75 12 100 32 15 46 54 71 60 91 11 91 81 75 7 18 78 32 47 45 76 74 38 3 96 46 2 55 60 76 2 87 87 53 18 53 98 71 75 9 13 85 99 94 59 5 63 88 89 9 33 16 82 22 19 30 67 72 84 79 47 37 65 85 89 34 37 38 56 11 46 68 47 96 13 57 1 75 45 89 84 29 56 17 50 26 98 68 98 82 98 44 70 62 29 59 47 17 48 2 80 94 22 26 89 34 35 41 9 31 81 44 59 37 12 60 62 10 79 11 91 77 55 12 90 35 70 37 51 70 90 30 63 11 56 3 97 42 96 5 72 28 100 82 16 11 93 30 20 71 40 62 99 94 74 89 28 95 77 31 64 66 60 78 29 67 33 25 8 80 81 79 7 80 12 23 90 4 52 62 27 91 75 25 37 48 65 16 95 41 46 10 7 6 40 35 72 72 11 32 3 91 62 9 70 74 83 11 29 34 24 55 77 99 80 13 98 44 80 92 85 26 54 43 31 93 29 54 16 39 37 18 29 99 26 50 24 61 60 52 94 36 7 22 34 38 86 31 81 66 75 17 91 28 11 73 72 39 78 87 29 15 56 9 65 33 58 88 93 70 91 39 5 97 60 38 86 98 20 19 63 94 35 5 73 98 77 96 88 54 82 17 20 89 25 84 22 35 23 14 4 14 4 60 10 64 49 48 61 68 66 75 14 100 79 38 49 55 34 37 60 67 53 80 56 29 15 77 15 38 42 70 51 46 29 12 61 77 59 73 97 24 47 10 76 25 99 24 31 32 60 42 99 64 21 54 45 36 82 59 73 23 29 75 20 9 86 80 86 45 52 34 68 50 95 43 26 93 19 56 25 78 50 23 94 70 76 90 57 57 100 81 31 28 55 51 89 41 30 26 37 34 59 4 83 53 99 61 97 17 68 21 46 17 95 91 39 22 80 95 30 80 28 61 59 82 63 47 74 92 72 10 77 82 66 12 86 64 72 83 32 91 3 77 8 98 20 46 71 99 92 1 30 19 61 41 1 23 39 74 66 11 36 95 44 1 58 30 64 81 12 95 71 66 23 78 15 42 75 86 93 67 86 74 85 98 14 37 72 53 63 89 15 98 83 58 98 40 87 13 20 50 59 43 16 33 20 30 27 47 15 19 13 52 92 97 49 58 86 20 10 48 9 24 97 43 33 46 35 72 10 6 21 68 48 36 52 20 18 78 66 32 96 78 36 40 26 84 97 11 56 58 10 64 33 6 58 65 3 92 36 12 98 57 31 97 44 83 16 61 60 81 45 8 10 80 47 88 15 95 50 70 52 60 85 84 17 43 100 20 34 36 83 83 44 14 80 39 96 47 52 55 80 96 62 89 27 60 28 41 54 78 63 5 89 47 40 57 89 40 28 75 27 11 57 22 24 88 60 71 35 11 25 14 58 39 54 36 98 82 29 4 59 91 8 99 37 100 55 78 39 35 52 65 45 60 86 20 48 97 90 82 8 66 47 17 56 100 53 54 33 33 9 43 23 16 41 11 15 48 40 5 82 91 21 78 3 6 49 50 55 90 83 14 55 81 30 11 32 34 16 65 66 24 7 40 91 100 3 58 99 42 14 32 85 35 9 39 92 57 88 46 46 22 59 52 2 89 14 33 74 81 49 92 56 56 83 99 7 85 56 5 79 69 36 15 3 96 53 95 4 92 92 1 65 51 52 18 91 18 50 64 98 51 55 54 58 38 52 64 74 59 20 4 79 55 70 34 50 74 80 5 65 71 5 81 21 56 98 11 73 100 27 23 50 33 28 7 22 31 70 96 89 89 51 67 95 21 100 96 94 79 100 11 50 4 91 22 11 89 85 36 40 11 58 89 43 85 95 65 15 16 12 55 56 62 73 2 34 73 97 28 3 48 90 4 51 32 26 13 72 62 48 11 72 57 99 66 93 45 30 59 12 41 13 19 55 86 20 88 10 68 67 64 15 8 68 17 40 45 30 11 6 29 22 77 86 72 94 78 69 24 37 80 16 1 99 22 38 70 10 47 38 28 11 52 36 30 21 75 74 50 37 31 78 10 7 63 82 52 93 50 75 81 81 43 81 31 64 19 1 25 17 38 53 27 41 88 56 61 14 81
928 474566
37 473924
842 474435
904 474825
797 474128
510 474483
64 474794
457 474507
405 474405
561 474679
633 474313
544 474201
26 473890
520 473879
177 474807
300 474696
597 474172
375 474044
71 474203
782 474615
949 20
83 61 28 8 2 38 12 6 18 68 34 62 61 67 37 47 38 68 93 23 31 100 9 4 47 6 98 51 47 64 100 29 25 79 36 78 16 100 83 33 19 68 47 80 34 83 78 72 2 70 94 32 69 54 36 67 59 85 17 57 49 69 85 25 47 72 2 15 23 84 99 42 51 45 73 37 80 50 8 81 19 53 13 39 6 100 6 16 36 74 72 84 42 8 60 89 31 61 55 54 96 53 47 99 98 19 35 77 20 94 9 90 46 21 28 3 72 85 70 8 59 93 43 52 100 3 92 82 15 46 87 11 99 33 9 48 3 95 76 74 88 84 63 85 57 43 87 28 27 8 87 37 100 82 41 99 36 32 32 50 78 19 60 28 51 20 75 6 14 50 79 53 33 42 37 89 36 75 69 62 82 7 51 81 88 91 31 23 22 63 73 51 33 84 78 35 4 52 40 69 1 71 22 34 64 10 74 99 85 94 60 66 1 62 99 40 52 81 15 26 43 39 76 75 22 54 10 77 57 1 98 58 71 71 43 34 80 68 32 64 62 44 82 14 5 32 53 9 12 67 34 7 5 9 33 79 14 94 7 23 95 4 80 17 74 74 51 54 41 34 69 54 29 2 67 86 85 20 94 97 38 79 55 43 39 87 73 5 81 79 27 75 83 58 43 8 31 45 61 23 79 82 77 59 35 43 96 20 14 89 68 52 19 22 46 58 8 18 62 40 48 40 66 30 97 9 38 27 53 50 1 83 83 77 42 70 72 37 89 37 78 8 88 96 29 85 5 88 54 18 28 2 57 93 31 53 1 20 31 54 22 32 88 4 60 29 25 83 18 65 20 47 72 59 94 52 44 99 40 49 68 19 50 25 11 33 29 64 52 60 69 25 43 56 81 54 37 5 37 6 70 56 52 41 66 45 93 61 95 84 10 15 2 59 39 64 43 19 27 95 30 47 71 72 3 51 26 91 56 62 96 25 69 99 17 34 95 61 47 90 44 56 4 97 66 94 61 9 64 39 55 94 86 25 65 40 76 42 30 83 55 77 7 23 75 75 9 69 36 7 10 79 62 65 28 79 10 88 87 74 78 41 67 63 18 83 54 93 25 83 27 79 11 33 54 85 59 14 6 94 20 15 25 33 80 52 11 41 91 98 14 68 90 80 83 7 15 36 51 39 19 77 69 81 61 22 66 20 87 71 65 6 37 89 38 68 92 1 9 82 98 22 2 39 54 84 98 68 19 100 58 89 77 26 70 89 100 87 60 86 9 25 44 45 13 33 13 57 33 73 38 82 46 91 73 99 74 70 18 93 69 75 33 97 53 2 86 52 88 45 89 48 21 32 93 86 17 57 42 1 29 31 83 74 22 55 25 95 76 42 39 96 69 72 93 73 73 30 24 13 26 64 60 47 48 4 84 64 12 25 64 92 55 98 18 28 4 42 23 31 35 13 27 55 84 71 27 9 100 2 73 77 66 32 75 13 88 58 28 99 82 91 91 89 41 8 16 96 1 90 27 87 3 53 42 38 23 68 46 74 70 18 50 87 2 25 99 41 82 78 39 16 68 81 4 60 40 71 56 92 61 82 79 15 86 20 52 8 39 98 81 60 67 82 46 68 6 96 8 40 73 99 55 93 31 10 52 71 80 59 62 92 92 92 58 77 11 10 84 2 59 16 61 25 98 59 45 55 54 52 94 79 2 100 71 33 61 74 55 93 33 68 84 76 60 42 53 22 3 36 23 61 4 36 85 1 46 81 55 99 85 1 29 86 52 99 70 13 25 24 5 9 44 40 84 3 33 36 76 35 24 51 95 27 86 32 27 31 12 33 81 96 85 10 34 37 60 3 1 84 79 5 44 22 44 28 76 77 63 51 63 86 1 58 12 38 41 90 20 4 75 53 52 59 62 37 47 73 39 47 9 17 3 52 90 99 79 65 75 94 16 37 31 16 46 43 6 38 84 25 94 58 77 45 69 90 81 67 15 71 66 23 40 68 74 29 66 5 94 92 50 61 81 80 76 78 74 33 16 58 58 9 67 86 5 87 76 37 6 90 59 71 64 98 90 37 27 8 93 72 51 94 32 31 74 59 9 47 92 76 56 1 36 75 86 92 61 61 28 18 2 86 88 65 36 30 54 62 37
79 450742
82 449990
756 450024
808 450601
594 450676
84 449842
941 450108
393 450575
781 450570
795 450597
398 450417
154 450205
773 450761
942 450088
348 450574
241 450349
235 450542
174 450735
36 450744
216 450236
